0.000468764
0.000886496
-0.00128084
0.000862363
0.00168902
0.00272082
0.0018122
0.00200168
-0.00268127
0.000982938
-5.62441e-05
8.77191e-05
0.00143213
-0.000817181
-0.00231641
0.000374797
0.00307179
0.00259839
0.00128755
9.5535e-05
0.0013868
-0.000452127
0.00165752
0.0031142
-0.000141673
-0.000474168
2.58188e-05
-0.000869577
0.00226109
0.00146163
0.00230037
0.00223951
-0.00333204
0.00139489
-0.00119881
0.000966643
0.000528961
0.00323067
0.00286652
0.00267553
-0.000478934
0.000148893
0.00256017
0.00236652
0.000153248
0.000478764
-0.000386705
0.000488461
-0.00021881
0.00312688
0.000451257
0.00273261
0.00188761
0.00203382
0.00335881
0.0013089
-0.00227767
0.00304693
0.00118705
0.0026877
-0.00010193
0.00272565
-0.00220422
0.00234145
0.00641523
0.00143263
0.000759467
0.00256058
0.00307287
-0.000782374
0.00210336
0.00276376
0.000795846
0.0017688
-0.00132454
-0.000443419
-0.00372894
-0.000755267
-0.00308127
0.000411401
0.00276116
0.00147278
0.000252452
0.0025254
-0.00180616
0.00205118
0.000797668
0.00226437
0.00197145
0.00010026
-5.13375e-05
-0.000402341
0.0024227
0.00356922
0.000257462
0.0018489
0.00163155
0.00282462
-0.000417413
-0.000389104
0.00272187
0.000768676
-0.00328115
-0.000365656
-0.00232115
0.00215665
-0.00154771
0.00136579
-0.0015721
0.00044605
-0.000463074
0.00109024
0.00396035
0.00311704
-0.000953551
0.00275965
-0.00164426
0.00113534
0.000245909
0.00236116
0.00148437
0.000571411
-0.00360662
0.00338318
0.00220012
9.66465e-05
-0.00335174
0.00236824
-0.00682729
0.000669014
-0.000524712
0.00263188
0.00249271
0.00060528
0.000270614
0.00219787
-0.00305851
-0.000367404
0.00170089
0.00330386
-0.00241704
0.0019502
-0.00218473
0.00226476
0.000315121
0.00308354
-0.00190863
0.00139632
0.00164708
0.00192522
0.000266573
-0.000723147
0.00526874
0.00191737
0.00244802
0.00294338
0.00441778
0.00056532
0.00200708
0.00137465
-0.00156767
0.00293648
-0.00189168
-0.000869106
-0.00026213
0.00191123
0.000603379
0.00144018
0.00471405
0.00106306
-0.002504
0.00355231
0.00230329
-0.000152204
-0.00219852
0.00108571
-0.00238578
0.00309714
-0.00101823
0.00247562
-1.26128e-05
0.000508967
-0.000663628
0.00335341
-0.00149316
-0.000374865
-0.00377353
-0.000214557
0.00119716
0.00250275
-0.00130007
0.00221314
0.000236704
0.00189135
-0.00234616
0.000966245
0.00367701
0.000539127
-0.000531872
0.00228286
-0.00237951
0.00279866
0.00144814
0.00112552
0.00538886
-0.000333461
0.00204015
0.00232066
0.00295506
0.00233985
-0.00239188
0.00108152
0.00401847
0.00241332
-0.00223514
-0.000856393
0.000536408
7.84609e-05
0.00243761
0.0028344
0.00176297
0.00284863
0.00201489
0.00283183
-0.00114539
0.00157163
-0.0006115
0.00056849
0.000182958
0.00112058
-0.00235408
0.00108167
0.00196726
0.000657261
0.00211227
0.00272914
-0.000851209
0.00179201
-0.000722312
0.00239898
-0.00209069
0.00145194
-0.000729371
-0.000741388
0.00261711
0.00287944
-0.00122913
0.00141291
0.00104081
0.001702
-0.00059564
0.00244765
0.00459993
0.00247894
-0.00303172
0.00343099
0.00609378
0.00187282
0.00173032
0.00280696
0.00295042
0.000546323
-0.00124178
0.00105996
0.000412411
0.00259249
0.000550949
0.0010873
-0.00102358
0.00265733
0.000684529
0.00283144
0.00541431
0.00308934
0.00187679
0.00287834
-0.00227528
0.00185514
-0.00137951
0.00258084
0.00305167
0.00236242
-0.00243518
0.00280829
0.0013731
-0.000219151
-0.00128063
0.00337067
0.000392015
0.000708179
-0.00109258
0.00247736
0.00410064
0.000147861
0.000136706
-0.000741838
-0.00147537
0.00118071
-0.00270386
0.0033946
0.00206083
-0.000218245
0.00373485
0.00330996
-0.00283572
0.00243075
0.000177671
-0.000206654
-0.00331578
-0.000709144
-0.00389014
-0.000649718
-0.00192116
0.00153949
0.00127711
0.000184105
-0.00291615
0.00106672
-0.00106103
0.000650407
0.00466572
0.00168378
-0.00371832
0.00327319
0.00417604
-0.000176341
0.00168187
-0.000284515
-0.000550961
0.00174736
0.000178539
0.00316462
0.000698447
0.00202696
0.00158538
-0.000261496
-0.00205077
0.0019525
-0.00161056
0.00338108
0.00569104
0.00304122
-0.000749109
-0.000320724
-0.000996561
0.00239604
0.000836716
0.000725912
0.00443697
0.000178736
-0.00217886
0.00112409
0.00437475
0.00273985
-0.00419294
-0.000115536
0.000641453
-0.000162185
0.000459884
0.00148511
0.00158063
0.000288349
7.9916e-05
0.00224535
0.00246424
0.000251141
-0.00404688
0.00242991
0.00357703
-0.000623461
0.00180325
0.00277154
0.00685654
0.00107604
0.000683792
0.00214396
-0.000268254
0.000301761
-0.00016476
0.00101558
0.00349139
0.00349827
-0.00083703
0.00218588
-0.00011848
0.00234495
0.000507323
0.000197117
0.00153017
-0.000585898
-0.000810742
0.00156209
-0.000891287
0.00208205
3.98258e-05
0.00188305
0.000585818
0.000530827
0.000586952
-0.000653694
0.00505266
0.000659541
-0.0015796
0.00226108
-0.00130057
0.00348576
0.00188646
0.00156422
-0.0042858
0.000192211
0.00305232
0.00162738
-0.00263525
0.00352386
-0.00124369
0.00216796
-0.00396828
0.0010735
-0.00345657
0.00336316
0.00467572
0.000666758
-0.000704632
-0.000255926
-0.00221788
-0.000700092
0.000387557
0.00244439
0.00151935
0.000646926
0.00159858
0.000582998
0.000701474
-0.000198666
-0.000402777
0.0035257
-0.00248802
-0.000214967
-0.00304553
0.00249874
-0.0010241
0.000690723
-0.003802
-0.000189289
-0.0022942
0.00108549
-0.000362268
0.00147161
0.00227169
0.00166482
0.00128137
-0.000402292
0.000651197
0.000688638
-0.00119354
0.00306959
-9.02846e-06
0.00297381
-0.00126491
0.00275036
0.0020504
0.0033624
0.000451795
0.0023672
-0.000686578
0.00116798
-0.000874283
0.00285572
-0.00250077
0.000320869
-0.00225052
0.00349493
0.00317904
0.00329747
-0.000790927
0.000808375
0.00252705
0.00124717
-0.000427184
0.00276721
0.00392684
0.0029726
-0.000404097
0.0018005
0.000618855
0.000360265
0.00347704
0.000280367
-0.00257626
0.000403
-0.000471186
0.00242012
0.000508389
0.000237947
-0.00213804
0.00285253
-0.000737014
0.00197425
0.00120881
0.00171444
