0.00301174
0.00932631
0.00463711
0.0134005
-0.0103393
0.00714064
0.00206534
0.0165584
0.00751576
0.00849463
-0.00997999
0.00845971
0.000703873
0.00199356
-0.00409258
0.000451149
-0.00866267
0.00289405
0.00851069
0.00552086
0.0131485
0.0145841
0.00524493
0.0156686
0.00386805
0.00588452
0.00462928
0.010542
-2.13298e-05
0.00455514
-0.00316833
-0.0016754
0.0110875
-0.00182181
0.00319115
-0.00210566
0.0016157
0.012435
0.000690538
0.00349306
-0.00775324
0.00405825
-0.000992315
0.000930647
-0.00876065
0.0038664
-0.0146652
0.01448
0.0107255
0.00584862
0.0119779
0.0185803
-0.0102644
-0.00359175
-0.00912088
0.000815696
0.00216884
0.0104858
-0.00338747
0.0131463
0.0102643
-0.00290655
0.00873946
0.0119549
0.00324075
-0.000781605
0.0100476
0.00351909
-0.00762394
-0.0035266
1.17652e-06
0.00107742
0.00798159
-0.000849786
-0.0124863
0.016895
0.00141772
0.0036155
0.0050779
0.0105883
0.0143988
0.00759439
0.00920245
0.00238833
0.0175978
-0.00295715
0.00844553
0.0145361
0.00423054
0.00555489
0.00232827
0.0156227
0.0150768
-0.00139428
-0.00542232
0.0113336
-0.00454717
0.00787933
-0.0126062
0.0100938
