0.000808819
0.00708764
-0.00854589
-0.000991365
0.00676756
-0.0016298
0.00051058
0.00643859
-0.00810363
-0.00142496
0.00572666
-0.000116526
0.00221268
0.00434486
-0.0036662
0.00454059
0.0129435
0.00431562
0.00558394
0.00331675
0.000134895
0.00651601
0.00322828
-0.000729065
0.000140185
0.000233207
-0.00450913
-0.000569536
0.00361628
0.00362432
0.00059142
0.000183951
-0.00671283
0.00525153
-0.00354232
0.00598765
-0.00738078
0.0043923
-0.00351328
0.00414864
-0.00170199
-0.000593059
-0.00716091
0.00320878
0.000427608
0.00527831
0.00161837
0.000262221
0.00317058
-0.000353119
0.00643644
0.00565366
0.00275296
0.00324629
0.00386833
0.000357213
-0.0056265
0.00603494
0.00239954
0.00303784
0.00332909
0.000190799
-0.000872341
0.0031529
0.00472433
0.00404653
-0.00391422
0.00497788
0.00197726
0.000159581
0.00028286
-0.000869942
0.0114957
0.00361302
-0.00561359
0.00578056
0.00742307
-0.00154889
-0.00150878
0.00458622
0.0066716
-0.00147732
0.00240462
0.00193185
0.0137796
-0.00158798
0.000548256
-0.00173423
-0.000979859
-0.000459951
-0.000168505
0.0063508
0.000775522
0.000523197
-0.002233
0.00620703
0.000595251
0.00293065
0.00607913
0.00121633
-0.00208314
0.00230185
-0.000317397
-0.00060836
0.00332893
0.00296577
-0.00153597
0.00412858
-0.000242822
0.00256187
-0.0016173
0.00616205
0.0104362
0.00675624
-0.00363973
0.00572114
0.00238175
0.00482241
0.00119283
0.0067405
-0.00310012
0.00703167
0.00419503
0.00435837
0.00321954
0.00216161
-0.00237805
0.0012925
0.000880892
-0.000113133
-0.00187145
0.00546075
0.00432073
0.00385768
-0.00530871
0.00143619
0.00414341
0.00176348
0.00129049
0.0014699
0.00608909
-0.000543212
0.00167215
0.000224931
-0.0131055
0.00685133
-0.00239813
0.00506879
0.0110329
0.00566756
-0.00507627
0.0023917
-0.00409363
0.00593823
0.00163545
-0.000897448
0.00357274
0.00342047
-0.00210809
0.00728495
-0.00154456
0.00615219
-0.000424519
0.0014625
-0.00396173
0.000505201
-0.00284731
0.0015574
-0.0102698
0.00442533
0.000941932
0.00428353
0.00531904
0.00230835
0.0015297
0.00308435
-0.000146698
-0.000147072
0.00121115
0.00131416
0.00547839
0.00228674
-0.00805426
0.00692139
0.00122324
0.000477908
0.00149364
0.00281445
0.00748528
0.000349647
-0.00131695
0.00259763
0.00463184
0.00534847
-0.00236916
0.00223097
-0.00298148
0.00358893
-0.000359798
0.00370055
0.00529871
0.000725242
0.00246361
0.00241209
0.00572995
0.00526886
0.00556634
0.00492154
-0.00525649
0.0010267
-0.00224664
-0.000325431
3.49787e-05
0.00393173
-0.0058188
-0.00122967
0.00423389
-0.000746059
0.00388011
0.00519345
0.000438981
0.00245659
-0.00673497
0.00171292
-0.00637904
-0.00130301
-0.003214
0.00594411
0.00616331
-0.000167065
-0.00288881
0.0055934
0.00229023
0.00103361
-0.000835248
0.00730956
-6.41191e-05
0.00511006
-1.35621e-05
0.00418616
0.00668198
-0.000290889
-0.00253041
0.00131638
-0.0051381
0.00697117
0.00201435
0.00144042
-0.00362934
0.00634791
