0.00200421
0.00830726
0.0123424
0.0120904
-0.00456327
0.00716292
0.0160065
0.0154504
-0.00224664
0.007571
-0.0042431
0.00823566
0.00170504
0.000772124
0.0138053
-0.000216374
-0.00250827
0.00133794
0.0167245
0.00334656
0.00208635
0.0142253
0.013392
0.0152436
0.00492238
0.00448319
0.00532966
0.00922706
-0.00504237
0.00431263
-0.00231161
-0.00292329
0.00202316
-0.00272451
0.00701128
-0.00313058
0.00759505
0.0100749
0.00593952
0.00262855
0.00487614
0.00306158
0.0118976
-0.000337985
-0.00577789
0.00112103
-0.0027967
0.0123339
0.0127674
0.00409644
0.016403
0.0170099
-0.00486818
-0.00559266
-0.000252177
-0.000535853
0.000784376
0.00894565
-0.000105645
0.0121982
0.00576728
-0.00468631
0.00794215
0.00989336
0.0145248
-0.00146255
0.00962942
0.00231773
-0.0046034
-0.00492215
-0.00249526
-0.000460177
0.00998934
-0.00172041
-0.000863085
0.0151978
0.000212206
0.00228562
0.00897156
0.00979317
0.0050904
0.0070571
0.0126411
0.000303285
0.0151988
-0.00448353
0.00980892
0.0140964
-0.00189626
0.00445048
0.00669938
0.013928
-0.00244843
-0.00251123
0.00858391
0.0114326
0.00974906
0.0059878
-0.00538717
0.00894795
