0.000410721
0.00631931
-0.00213047
-0.00119077
-0.00203643
-0.00196959
-0.00130531
0.00593665
-0.00214825
-0.00204784
0.00358739
-0.00039789
0.00204565
0.00367723
0.00243637
0.00406414
0.00406608
0.00375731
0.00359189
0.00300299
0.0047945
0.0062764
0.00246462
-0.00122375
0.00241087
-0.000563232
-0.000219876
-0.00101139
-0.000337963
0.00306501
0.00475161
-0.000306531
0.00592725
0.00484933
0.000383991
0.005568
-0.00223511
0.00381
-0.000272815
0.00341216
-0.00226842
-0.00124531
-0.00134515
0.00250589
0.00323574
0.00478203
0.000360722
-0.000208209
0.00292415
-0.00127298
0.00587051
0.00507656
-0.0020945
0.00254705
0.00318905
-0.000458466
-0.00215718
0.0056222
0.00545747
0.00257831
0.00340605
-0.000243794
-0.00123069
0.00249769
-0.00210172
0.00344646
0.000437205
0.00417091
-0.00212063
-0.000427193
0.00586578
-0.00133504
0.00353573
0.00311501
-0.00123864
0.00526736
0.00326462
-0.00199078
0.00187499
0.0039037
0.00425461
-0.00220188
0.00144981
0.00139115
0.00621641
-0.00208246
0.00362751
-0.00209261
-0.000287064
-0.00118464
0.00574397
0.00570456
0.00229912
-0.000241594
-0.00210467
0.00583356
0.00311335
0.0021647
0.00565536
0.000606071
0.00400952
0.00143709
0.00482518
-0.00129958
0.00623333
0.00216537
0.00121578
0.00304013
0.00326146
0.00165219
-0.00120905
0.00537607
0.00429646
0.00602982
0.00231552
0.00539292
0.00390066
0.00415987
0.00375939
0.00612201
-0.000256273
0.00589272
0.00412202
0.0035184
0.00164364
0.00150647
0.00084497
0.000612388
0.00591618
-0.00119107
0.00229591
0.00461776
-0.000462559
0.00289411
-0.000255612
0.000723107
0.00599918
0.00125016
0.0013517
0.000620387
0.00597258
-0.00118265
0.000756622
-0.000158011
-0.00208636
0.00598643
0.000599316
0.0045672
0.00435484
0.00493653
0.000656383
0.00161286
0.00322397
0.00474806
-0.000231753
-0.00200052
0.00159297
0.00268389
0.00356361
0.00641349
0.00537068
0.00546991
-0.00206774
0.000721455
-0.00224211
-0.000171622
-0.00107883
0.000190325
0.00319121
0.00366195
-0.00105096
0.00332221
0.00544683
0.00151185
-0.00037551
0.00253131
-0.0012035
-0.00141743
0.000572945
0.00058829
0.00465461
0.00149755
-0.00133418
0.00574993
0.00251557
-0.000445923
0.00139614
0.00232814
0.00490885
-0.000373904
0.00438704
0.00148147
0.00460252
0.00449012
0.000748112
0.00133367
0.00266188
0.002517
0.000463789
0.00286001
0.00431655
-0.000548508
0.00405517
0.00162646
0.00474273
0.0042777
0.00523905
0.00360344
-0.00204046
0.000558566
0.000579099
-0.00135708
-0.00200637
0.00328286
-0.00121241
-0.00213525
0.00393749
-0.00199663
0.00650155
0.00485136
-0.00220401
0.00142041
-0.000374922
0.000703735
0.00404153
-0.00210151
0.00299555
0.00500504
0.00232279
-0.00114061
0.00213427
0.00464488
0.00518082
-0.000324521
0.00440233
0.00628663
0.000648573
0.0040342
0.00652537
0.00338918
0.00341516
-0.00116348
0.00452548
0.000575981
-0.00199472
0.00612156
0.00633029
0.00067573
-0.000580042
0.00533487
