0.000239089
0.000581984
-0.000654551
0.000647058
0.000220746
0.00243126
0.00249392
0.00172297
-0.00112242
0.000651734
0.00238534
-0.00020953
0.00292212
-0.00112086
-0.000733636
0.000200143
0.000287636
0.00240373
0.00199667
-0.00019803
0.00112754
-0.000706464
0.00156326
0.00286295
0.00110545
-0.000663966
-0.00102904
-0.00113832
-0.000294873
0.00113483
0.00233318
0.0019907
-0.000266847
0.00107432
0.00107844
0.000647296
0.00159938
0.00301337
0.00278923
0.00242933
0.000599392
-0.000145388
0.00188401
0.00210568
0.00147943
0.000239177
0.00256779
0.000184853
-0.000715914
0.00291662
-0.000257848
0.00239886
0.00160707
0.00165337
0.00238378
0.00103491
-0.000206886
0.00277468
0.00234053
0.00246081
0.00207006
0.00248767
-0.000246458
0.002021
0.00290615
0.00116932
0.00208549
0.00222923
0.00153226
-0.00110345
0.00296468
0.00239877
0.00114034
0.0014708
0.00157749
-0.000691257
-0.0010816
-0.00104351
-0.000649852
0.000130216
0.00203834
0.00112065
0.000238162
0.00212447
0.000729257
0.00169905
0.00288068
0.0019421
0.00207129
-0.000262101
0.000299272
-0.000692225
0.00163976
0.00321388
0.000627161
0.00163387
0.00123024
0.00246223
0.00236705
-0.000767045
0.00284901
0.000533167
-0.000697145
-0.000697079
-0.000652146
0.00188397
0.000247048
0.000991523
0.00145804
0.000161702
0.000710108
0.000745803
0.00148716
0.00285148
0.00183583
0.00244255
-0.000713241
0.000748146
0.00280579
0.00199485
0.00120381
0.000244532
-0.00104302
0.00306675
-0.000593482
-0.000177141
-0.00112221
0.00203629
-0.000703684
0.000189346
0.000682834
0.00228391
0.00316708
0.000130754
0.00278086
0.00192748
-0.000240794
-0.000690436
0.000637952
0.00295616
-0.000640679
0.00158518
0.000170181
0.00191866
0.000744446
0.0027407
-0.000222607
0.000968552
0.000141522
0.00159257
-0.000227768
-0.00108837
0.00154093
0.00157694
0.00159615
0.00256924
0.00107006
0.000202641
0.00233356
0.00113896
0.00103507
0.00268234
-0.000565296
-0.00108577
-0.000276728
0.00157415
0.00291948
0.00109156
0.0028838
0.000711595
-0.000682678
0.00326887
0.00272114
-0.000689674
-0.000215559
0.00069256
-0.000719897
0.00277862
-0.00116372
0.00206562
-0.000228736
0.000167349
-0.00111484
0.00290797
0.000761823
-0.000625367
-0.000618764
-0.000677483
0.00119129
0.00220586
0.000350021
0.00183799
0.00160868
0.00162613
0.000218699
0.000628668
0.00303606
0.00012934
-0.00111454
0.00195471
0.000134047
0.00247937
0.00207407
0.000676311
0.0018703
-0.000670532
0.00161546
0.00191353
0.000643514
0.00194839
-0.00019644
0.000789837
0.00236361
0.00197418
-0.00118597
-0.00110703
-0.00108198
-0.000229925
0.00284201
0.00256009
0.00100883
0.00246888
0.00305722
0.002436
0.00281384
0.00117046
0.00245503
0.000156654
-0.00108288
0.000629051
0.000174082
0.000683659
0.000207496
0.000268555
0.00301534
0.00246889
-0.000664014
0.00138375
0.00151636
0.00189642
-0.00105276
0.0010727
-0.00030042
-0.0010598
-0.00106397
0.00251517
0.00216049
0.00105698
0.0030042
0.00109943
-0.000630963
0.00198155
0.00103769
0.00204443
-0.000658456
0.00300803
-0.00120871
0.00152427
0.00230359
0.00234226
0.00212822
0.00020623
0.00145111
0.000522988
0.00270934
0.00204812
0.00110955
0.000751643
-0.00111612
0.00211827
0.0026812
0.00243168
0.00208879
0.00265204
0.00156686
0.00254744
-0.000680782
0.00153289
0.00204417
0.0020321
0.000622366
0.00195154
-0.000651325
0.00251697
-0.00113868
-0.000689623
0.00102401
0.00283241
0.0007069
0.000312238
0.00219825
0.00195922
0.00189969
-0.000166413
0.00157567
-0.00112302
9.45802e-05
0.000732647
-0.000673124
0.00296083
0.0020912
-0.000643989
0.00298274
0.00288898
0.00225507
0.00191866
0.001998
-0.000678569
-0.0011162
-0.00110801
-0.00110966
-0.00112877
0.00296208
0.00109699
0.00180254
-0.000279786
-0.00108557
0.000640687
0.000189919
0.000249738
0.00279539
0.00116617
-0.00105709
0.00280514
0.00216633
-0.000674423
0.000615818
-0.000663125
-0.000664957
0.00128313
0.00208619
0.00273447
0.00127709
0.00152629
0.00317521
-0.000693125
0.00258899
0.00154267
-0.000670891
0.00288866
0.00283016
0.00246758
0.00264802
-0.000672219
0.00163008
0.00194658
0.000611558
0.000245489
0.00209643
-0.000188813
-0.00114063
0.000622589
0.00193461
0.00231763
-0.0011441
-0.000649721
-0.000664439
-0.000611038
0.00300501
0.00113952
0.00200305
-0.000190024
0.000678639
0.00163505
0.00163112
-0.000194239
-0.000714375
0.0021127
0.00204995
-0.00104793
0.00136613
0.00246324
0.0029075
0.000707641
0.000611222
0.00162216
0.00112798
-0.00030809
0.00234362
0.000691829
0.00208938
0.00302246
0.00160635
0.00165837
0.000182442
0.00197277
0.00240694
-0.000195826
-0.00110811
-0.00114382
0.000249173
0.00110019
0.00284602
0.00157723
0.000615377
0.00152015
-0.000226481
0.000315873
0.00279433
-0.00108196
0.00244202
0.000165313
0.00109151
0.00190577
-0.000285844
0.00296984
0.00289741
0.0011111
0.00156705
-0.000269249
0.00288169
0.00116154
-0.000721411
0.00307633
0.000948071
0.00157133
-0.000655693
0.00079277
-0.00114714
0.00277424
0.00211135
0.000353431
0.000247859
-0.000642034
0.00210438
-0.00117478
0.00288529
0.00198582
-0.00102794
0.000251991
0.000817648
0.000283792
0.00112073
-0.000647708
-0.000213282
0.0030321
-0.000243469
-0.000629453
-0.000251267
0.00200491
0.00112622
0.000246541
-0.0010597
-0.000630003
-0.000723907
0.000671334
0.00251171
0.00101131
0.00115249
0.00118897
0.00290881
-0.000711696
-0.000269253
0.000102295
-0.000696258
0.00247176
0.000228035
0.00238817
-0.000267271
0.0023403
-0.000668288
0.00276158
0.00151585
0.00185495
0.000961838
0.000675373
-0.000178149
0.00236534
-0.000720315
-0.000259146
0.000687188
0.00287931
0.00252327
0.00300123
0.00103402
0.000226872
0.00144506
0.000706868
0.00207319
0.0024357
0.00204994
0.00248583
0.00110042
0.00123409
-0.00023774
-0.000195348
0.00264644
-0.000239386
0.0001981
-0.000203133
0.00245494
0.00192792
-0.00112329
-0.000212302
-0.000687085
0.00246266
0.000241963
0.00154656
0.00295538
0.00120091
