0.000444613
0.00635417
-0.0020958
-0.00115632
-0.0020028
-0.00193506
-0.00127269
0.0059701
-0.00211406
-0.00201273
0.00361967
-0.000363747
0.00207879
0.00371212
0.00247028
0.00409759
0.00409931
0.00379167
0.00362644
0.0030377
0.00482787
0.00630966
0.00249885
-0.00118983
0.00244385
-0.00053033
-0.000184947
-0.000976917
-0.000303771
0.00309966
0.00478678
-0.000274478
0.00596202
0.00488303
0.000419648
0.00560234
-0.00220056
0.00384335
-0.000237694
0.00344784
-0.00223372
-0.00121076
-0.00130893
0.00254163
0.00327181
0.0048182
0.000396649
-0.000171921
0.0029604
-0.00123468
0.00590748
0.00511005
-0.0020579
0.0025832
0.00322464
-0.000420233
-0.00211961
0.00565836
0.00549483
0.00261626
0.00344645
-0.000206372
-0.00119139
0.00253722
-0.00206585
0.00348408
0.00047565
0.00421074
-0.00208182
-0.000387754
0.00590592
-0.00129641
0.00357462
0.00315652
-0.00119872
0.00530858
0.00330537
-0.00194844
0.0019168
0.00394649
0.00429695
-0.00215967
0.0014933
0.00143425
0.00626
-0.00204022
0.00367084
-0.00204955
-0.000242598
-0.00114199
0.00578698
0.00574936
0.00234421
-0.000196932
-0.00206185
0.00587946
0.003159
0.00221019
0.00570111
0.000652402
0.00405521
0.00148442
0.0048717
-0.00125338
0.00628057
0.00221258
0.00126321
0.00308788
0.00330843
0.00170096
-0.00116034
0.00542472
0.00434498
0.00607905
0.00236327
0.00544051
0.00394963
0.00420908
0.0038081
0.00617203
-0.000207891
0.00594338
0.00417229
0.00356876
0.00169464
0.00155702
0.000896417
0.000663984
0.00596667
-0.00114098
0.00234691
0.00466895
-0.000411933
0.00294681
-0.000203863
0.000774941
0.00605135
0.00130286
0.00140376
0.000673067
0.00602557
-0.00112928
0.000808885
-0.000105327
-0.00203355
0.00603905
0.000652811
0.0046207
0.00440773
0.00499004
0.00070992
0.001667
0.00327764
0.00480208
-0.000177266
-0.00194582
0.0016465
0.00273825
0.00361896
0.00646765
0.00542525
0.00552416
-0.0020136
0.000776251
-0.00218771
-0.000117032
-0.00102401
0.000245064
0.00324558
0.00371673
-0.000996167
0.00337709
0.00550218
0.00156625
-0.000320267
0.00258545
-0.0011491
-0.00136287
0.000627909
0.000642707
0.00471013
0.00155281
-0.00127942
0.00580514
0.00257035
-0.00039059
0.00145168
0.00238289
0.00496406
-0.000319362
0.00444205
0.00153622
0.00465795
0.00454611
0.00080397
0.00138883
0.00271728
0.00257149
0.000519444
0.00291509
0.00437129
-0.000493886
0.0041103
0.00168199
0.00479758
0.00433223
0.005294
0.00365852
-0.00198589
0.00061313
0.000633638
-0.00130238
-0.00195193
0.0033381
-0.00115815
-0.002081
0.00399113
-0.00194245
0.00655575
0.00490621
-0.00214989
0.00147429
-0.00032087
0.000757257
0.00409565
-0.00204767
0.00304987
0.00505999
0.00237695
-0.00108692
0.00218812
0.00469884
0.00523434
-0.000270464
0.00445582
0.00633934
0.000701665
0.0040871
0.00657855
0.00344268
0.00346754
-0.00111127
0.00457837
0.000628878
-0.00194195
0.00617412
0.00638257
0.000727832
-0.000527782
0.00538742
