0.00194109
0.00824626
0.0122792
0.0120265
-0.0046254
0.00709862
0.0159439
0.0153869
-0.00230884
0.00750908
-0.00430535
0.00817274
0.0016417
0.000710558
0.0137431
-0.000279511
-0.00256816
0.00127863
0.0166653
0.00328455
0.00202609
0.0141633
0.0133329
0.0151856
0.00486488
0.00442323
0.00527321
0.00917177
-0.00509656
0.00425392
-0.00236726
-0.0029804
0.00196908
-0.0027793
0.0069583
-0.00318336
0.00754061
0.0100216
0.00588751
0.00257993
0.00482443
0.00301097
0.0118482
-0.000387495
-0.00582633
0.00107288
-0.00284439
0.0122865
0.0127184
0.00404919
0.0163563
0.016962
-0.00491603
-0.00563809
-0.000298665
-0.000580799
0.000738823
0.00890025
-0.000151024
0.0121526
0.00572192
-0.00473136
0.00789736
0.00984875
0.0144807
-0.00150679
0.00958503
0.00227209
-0.00464664
-0.00496665
-0.0025393
-0.000503304
0.00994483
-0.001764
-0.000907531
0.0151537
0.000168806
0.00224277
0.00892827
0.00974859
0.00504673
0.00701263
0.0125963
0.000258602
0.0151546
-0.00452887
0.00976423
0.0140513
-0.00194087
0.00440418
0.00665471
0.0138828
-0.00249294
-0.00255547
0.00853871
0.0113866
0.00970294
0.00594285
-0.00543337
0.00890194
