0.000273112
0.00061721
-0.000618458
0.000681564
0.000255984
0.00246541
0.00252805
0.00175848
-0.00108803
0.000686381
0.00242058
-0.0001747
0.00295685
-0.00108586
-0.000698944
0.000234402
0.0003229
0.00243802
0.00203079
-0.000163615
0.00116177
-0.000671988
0.00159674
0.00289782
0.00114029
-0.000629532
-0.000995272
-0.00110367
-0.000260919
0.00116922
0.00236721
0.00202405
-0.000232763
0.00110888
0.00111295
0.00068258
0.00163304
0.00304763
0.00282288
0.00246343
0.000633801
-0.000111453
0.00191787
0.0021388
0.00151399
0.000274259
0.00260217
0.000217765
-0.000682233
0.00294971
-0.000222599
0.00243314
0.00164064
0.00168651
0.00241754
0.00106984
-0.000174584
0.00280918
0.00237581
0.00249471
0.00210488
0.00252267
-0.000211424
0.00205522
0.00293984
0.00120397
0.00212018
0.00226328
0.00156698
-0.00106828
0.00299907
0.00243436
0.00117472
0.00150614
0.0016125
-0.000655292
-0.00104696
-0.00100877
-0.000614724
0.000164716
0.00207315
0.00115627
0.000273753
0.00216016
0.000764463
0.00173451
0.0029161
0.00197868
0.0021065
-0.000225195
0.000336157
-0.000656264
0.00167546
0.00324922
0.000663532
0.0016702
0.0012664
0.00249862
0.00240418
-0.000729786
0.00288586
0.000569792
-0.000660253
-0.000661607
-0.000614368
0.00191982
0.000283613
0.00102799
0.00149493
0.000199436
0.000747068
0.000783489
0.00152528
0.00288858
0.00187366
0.00248186
-0.000677012
0.00078491
0.00284352
0.00203206
0.00124191
0.000282209
-0.00100482
0.0031044
-0.000556091
-0.000137843
-0.00108291
0.00207443
-0.000665202
0.000227008
0.000722046
0.00232345
0.00320494
0.000169867
0.00281908
0.00196645
-0.000201708
-0.000650967
0.000678149
0.00299654
-0.000599995
0.00162492
0.000211168
0.00195859
0.000784102
0.00278006
-0.000183019
0.00100922
0.000183226
0.00163305
-0.000188262
-0.00104784
0.00158218
0.00161744
0.0016381
0.00260982
0.00111044
0.000244919
0.0023754
0.00117952
0.00107768
0.00272372
-0.000522616
-0.00104336
-0.000235857
0.0016162
0.00296113
0.00113475
0.00292627
0.000754269
-0.000640212
0.00331282
0.00276403
-0.000645523
-0.000171521
0.000735076
-0.00067609
0.0028219
-0.00111959
0.00210824
-0.000185624
0.000211285
-0.00107016
0.00295215
0.0008065
-0.000580473
-0.000572952
-0.000632368
0.0012365
0.00225028
0.000395187
0.00188306
0.00165394
0.00167096
0.000263902
0.000674436
0.00308166
0.000174803
-0.00106935
0.00200043
0.000179836
0.00252426
0.00211957
0.000722685
0.00191677
-0.000624687
0.00166169
0.00195951
0.000689775
0.00199602
-0.000150005
0.000836106
0.00241124
0.00202145
-0.00113902
-0.00105955
-0.0010344
-0.000181933
0.00288853
0.00260626
0.00105705
0.00251695
0.00310568
0.00248402
0.00286213
0.00121921
0.00250356
0.000204477
-0.0010342
0.000677803
0.000222569
0.000732191
0.0002564
0.00031718
0.00306455
0.00251738
-0.000615071
0.0014339
0.0015653
0.00194496
-0.00100355
0.00112135
-0.000250941
-0.00100984
-0.00101409
0.00256445
0.00221022
0.00110703
0.00305377
0.00114964
-0.000580152
0.0020312
0.00108831
0.0020947
-0.000607859
0.00305856
-0.00115753
0.00157456
0.00235481
0.00239277
0.00218007
0.000256486
0.00150222
0.000574827
0.00276091
0.00209995
0.00116098
0.000803455
-0.0010648
0.00217013
0.00273302
0.00248295
0.00214008
0.00270405
0.00161869
0.00259949
-0.000628147
0.0015843
0.00209698
0.00208425
0.00067463
0.00200384
-0.000598573
0.00256871
-0.001086
-0.000636648
0.00107673
0.00288511
0.000759576
0.00036498
0.00225107
0.0020118
0.00195234
-0.00011332
0.00162803
-0.00107022
0.000147371
0.000786195
-0.000620155
0.00301454
0.0021447
-0.000590434
0.00303647
0.00294192
0.00230912
0.00197253
0.00205169
-0.000625385
-0.00106233
-0.00105398
-0.00105599
-0.00107492
0.00301615
0.00115114
0.00185666
-0.000226227
-0.00103126
0.000694657
0.000244563
0.000304036
0.00284941
0.00122017
-0.00100261
0.0028591
0.00222046
-0.000620113
0.000670206
-0.000608712
-0.000610864
0.00133818
0.00214077
0.00278888
0.00133148
0.00158027
0.00322979
-0.000638314
0.00264322
0.00159748
-0.000615778
0.00294364
0.00288486
0.00252275
0.00270291
-0.000617564
0.00168431
0.00200137
0.000666774
0.000300741
0.00215119
-0.000133792
-0.0010857
0.000677325
0.00198962
0.00237252
-0.00108969
-0.000594383
-0.000609356
-0.00055586
0.00305986
0.00119449
0.00205787
-0.000135068
0.00073384
0.00168989
0.00168608
-0.000139355
-0.000659287
0.00216757
0.002105
-0.000992741
0.00142123
0.00251838
0.00296304
0.00076299
0.000666453
0.00167716
0.00118346
-0.000253273
0.00239899
0.000746905
0.00214472
0.00307785
0.00166212
0.00171363
0.000237875
0.00202811
0.00246222
-0.000140631
-0.00105276
-0.00108825
0.000304095
0.00115527
0.00290149
0.00163224
0.000670787
0.0015752
-0.000171213
0.000371146
0.00284925
-0.00102681
0.00249696
0.000220531
0.00114685
0.00196061
-0.000230793
0.00302472
0.00295264
0.00116647
0.00162211
-0.000214049
0.00293711
0.00121637
-0.000666568
0.00313145
0.00100338
0.00162613
-0.000600782
0.000847829
-0.00109263
0.00282848
0.00216648
0.000408428
0.000302611
-0.000587232
0.00215952
-0.00111969
0.00294047
0.00204081
-0.000973308
0.000306749
0.000872349
0.000338485
0.00117529
-0.00059297
-0.000158452
0.00308697
-0.000188672
-0.000574703
-0.000196993
0.00205906
0.00118078
0.000301649
-0.00100546
-0.000575639
-0.000669848
0.000726042
0.00256602
0.00106556
0.00120691
0.00124256
0.00296351
-0.000657683
-0.000215084
0.000156178
-0.000642321
0.00252531
0.000281735
0.00244214
-0.000213593
0.00239429
-0.000614548
0.00281549
0.00156939
0.00190855
0.00101541
0.000729617
-0.000124691
0.00241946
-0.000666669
-0.000205453
0.000741183
0.00293268
0.00257687
0.00305479
0.00108728
0.000280013
0.00149836
0.000760359
0.00212627
0.00248907
0.00210334
0.00253892
0.00115365
0.00128718
-0.00018466
-0.000142075
0.00269928
-0.000186339
0.000251004
-0.000150172
0.0025077
0.001981
-0.00107053
-0.000159546
-0.000634759
0.00251546
0.000294869
0.00159896
0.00300796
0.00125353
